[[131.16244507   0.         205.86258069]
 [  0.         282.31170654 113.1377489 ]
 [  0.           0.           1.        ]]

[[-2.50853423  6.30981973 -0.03309406  0.01974386 -8.89580458]]



# With circles
Camera Matrix  [[3.36613983e+03 0.00000000e+00 1.40125244e+02]
 [0.00000000e+00 3.41949369e+03 1.18190623e+02]
 [0.00000000e+00 0.00000000e+00 1.00000000e+00]]
Distortion  [[-2.51388723e+02  3.84563885e+04 -2.31632466e-01  8.65497634e-01
   5.42378580e+04]]
New camera matrix  [[2.21715112e+03 0.00000000e+00 1.46399355e+02]
 [0.00000000e+00 2.28204712e+03 1.30552120e+02]
 [0.00000000e+00 0.00000000e+00 1.00000000e+00]]


# With fisheye undistort (500x500)
K=np.array([[214.05845570547808, 0.0, 255.25675781039644], [0.0, 284.53810048172056, 238.31815534760784], [0.0, 0.0, 1.0]])
D=np.array([[-0.050587223195120365], [0.10843192238900058], [-0.11072191472804552], [0.006198532066253573]])